M: 40:1:55
N: 40:1:55
E: 0.00004:0.00001:0.00015
StopLossRate: 0.002:0.001:0.01